version https://git-lfs.github.com/spec/v1
oid sha256:1aca8e9f3a48202b7b7ea69c98a6c0e26d88d12e850e1b604000cc5bb9d5bb8a
size 127937
